0.000000000000000000e+00,9.999999999999997780e-01,0.000000000000000000e+00
6.135923151542564680e-03,9.999999960256048537e-01,-1.335374699581254668e-02
1.227184630308512936e-02,9.999999364073011154e-01,-2.671012588404206647e-02
1.840776945462769404e-02,9.999996780418836106e-01,-4.007176647408271924e-02
2.454369260617025872e-02,9.999989823650243803e-01,-5.344129440093365463e-02
3.067961575771282340e-02,9.999975152644197118e-01,-6.682132901714957218e-02
3.681553890925538808e-02,9.999948469615096425e-01,-8.021448125983221544e-02
4.295146206079795276e-02,9.999904518650324370e-01,-9.362335148444787813e-02
4.908738521234051744e-02,9.999837084007153765e-01,-1.070505272573504113e-01
5.522330836388308212e-02,9.999738988222720559e-01,-1.204985810990055611e-01
6.135923151542564680e-02,9.999602090099463103e-01,-1.339700681700608520e-01
6.749515466696820454e-02,9.999417282637436122e-01,-1.474675238925790555e-01
7.363107781851077616e-02,9.999174490995436093e-01,-1.609934614989638191e-01
7.976700097005334777e-02,9.998862670572564726e-01,-1.745503695013450873e-01
8.590292412159590552e-02,9.998469805312334424e-01,-1.881407090744787736e-01
9.203884727313846326e-02,9.997982906341187359e-01,-2.017669113455299867e-01
9.817477042468103487e-02,9.997388011064145541e-01,-2.154313745844828876e-01
1.043106935762236065e-01,9.996670182850107000e-01,-2.291364612893307118e-01
1.104466167277661642e-01,9.995813511449975763e-01,-2.428844951606705105e-01
1.165825398793087220e-01,9.994801114300774225e-01,-2.566777579608495730e-01
1.227184630308512936e-01,9.993615138879066162e-01,-2.705184862533964174e-01
1.288543861823938652e-01,9.992236766276861859e-01,-2.844088680191185214e-01
1.349903093339364091e-01,9.990646216182750283e-01,-2.983510391459680555e-01
1.411262324854789807e-01,9.988822753459949411e-01,-3.123470797905668062e-01
1.472621556370215523e-01,9.986744696521899778e-01,-3.263990106101501976e-01
1.533980787885641239e-01,9.984389427713499243e-01,-3.405087888646370353e-01
1.595340019401066955e-01,9.981733405913607582e-01,-3.546783043895637699e-01
1.656699250916492394e-01,9.978752181580177183e-01,-3.689093754417332449e-01
1.718058482431918110e-01,9.975420414464611918e-01,-3.832037444206337073e-01
1.779417713947343826e-01,9.971711894225346873e-01,-3.975630734699734381e-01
1.840776945462769265e-01,9.967599564172789917e-01,-4.119889399650539796e-01
1.902136176978194981e-01,9.963055548377900417e-01,-4.264828318931673801e-01
1.963495408493620697e-01,9.958051182375032839e-01,-4.410461431357545758e-01
2.024854640009046414e-01,9.952557047685658409e-01,-4.556801686626898995e-01
2.086213871524472130e-01,9.946543010382988825e-01,-4.703860996507593928e-01
2.147573103039897569e-01,9.939978263908534339e-01,-4.851650185401710780e-01
2.208932334555323285e-01,9.932831376339463780e-01,-5.000178940447740361e-01
2.270291566070749001e-01,9.925070342290158720e-01,-5.149455761335198778e-01
2.331650797586174440e-01,9.916662639613141872e-01,-5.299487910026441373e-01
2.393010029101600156e-01,9.907575291041724741e-01,-5.450281360599346092e-01
2.454369260617025872e-01,9.897774930891559686e-01,-5.601840749444244594e-01
2.515728492132451311e-01,9.887227876907758173e-01,-5.754169326067282153e-01
2.577087723647877304e-01,9.875900207311109069e-01,-5.907268904771239004e-01
2.638446955163302743e-01,9.863757843058984509e-01,-6.061139817502819716e-01
2.699806186678728182e-01,9.850766635295058471e-01,-6.215780868172533502e-01
2.761165418194154175e-01,9.836892457916467380e-01,-6.371189288769057990e-01
2.822524649709579614e-01,9.822101305138104532e-01,-6.527360697604454032e-01
2.883883881225005608e-01,9.806359393880907938e-01,-6.684289060038932639e-01
2.945243112740431046e-01,9.789633270755737637e-01,-6.841966652044223496e-01
3.006602344255856485e-01,9.771889923355888685e-01,-7.000384026972468199e-01
3.067961575771282479e-01,9.753096895510864339e-01,-7.159529985902326477e-01
3.129320807286707917e-01,9.733222406092094658e-01,-7.319391551935897633e-01
3.190680038802133911e-01,9.712235470898303857e-01,-7.479953948818311993e-01
3.252039270317559350e-01,9.690106027085358953e-01,-7.641200584246272687e-01
3.313398501832984788e-01,9.666805059543366330e-01,-7.803113038222434517e-01
3.374757733348410782e-01,9.642304728563457772e-01,-7.965671056798698801e-01
3.436116964863836221e-01,9.616578498079062509e-01,-8.128852551533123361e-01
3.497476196379261659e-01,9.589601263713212198e-01,-8.292633604962741378e-01
3.558835427894687653e-01,9.561349479814286179e-01,-8.456988482366781801e-01
3.620194659410113092e-01,9.531801284620514680e-01,-8.621889650063145893e-01
3.681553890925538530e-01,9.500936622657907282e-01,-8.787307800444268402e-01
3.742913122440964524e-01,9.468737363449241107e-01,-8.953211883917744363e-01
3.804272353956389963e-01,9.435187415594018523e-01,-9.119569147872059744e-01
3.865631585471815956e-01,9.400272835271328287e-01,-9.286345182739138560e-01
3.926990816987241395e-01,9.363981928221067896e-01,-9.453503975173190854e-01
3.988350048502666834e-01,9.326305344273403408e-01,-9.621007968310474334e-01
4.049709280018092827e-01,9.287236163523470145e-01,-9.788818129017549108e-01
4.111068511533518266e-01,9.246769973286955713e-01,-9.956894021976548936e-01
4.172427743048944260e-01,9.204904935023976442e-01,-1.012519389039661544e+00
4.233786974564369698e-01,9.161641840481625776e-01,-1.029367474308067409e+00
4.295146206079795137e-01,9.116984156381091609e-01,-1.046229244751802678e+00
4.356505437595221131e-01,9.070938057061084248e-01,-1.063100182861524079e+00
4.417864669110646569e-01,9.023512444585612968e-01,-1.079975677262337452e+00
4.479223900626072008e-01,8.974718955929312791e-01,-1.096851033576730527e+00
4.540583132141498002e-01,8.924571956966094177e-01,-1.113721485703532466e+00
4.601942363656923440e-01,8.873088523105718828e-01,-1.130582207454422061e+00
4.663301595172348879e-01,8.820288406545913062e-01,-1.147428324485763707e+00
4.724660826687774873e-01,8.766193990233094313e-01,-1.164254926460414064e+00
4.786020058203200311e-01,8.710830228750955362e-01,-1.181057079371689689e+00
4.847379289718626305e-01,8.654224576480615827e-01,-1.197829837959919042e+00
4.908738521234051744e-01,8.596406903497659791e-01,-1.214568258151001334e+00
4.970097752749477182e-01,8.537409399787139197e-01,-1.231267409446120675e+00
5.031456984264902621e-01,8.477266468466717608e-01,-1.247922387192273774e+00
5.092816215780329170e-01,8.416014608808312092e-01,-1.264528324664516701e+00
5.154175447295754608e-01,8.353692289938443594e-01,-1.281080404892821045e+00
5.215534678811180047e-01,8.290339816175984478e-01,-1.297573872169114573e+00
5.276893910326605486e-01,8.225999185031600547e-01,-1.314004043173401692e+00
5.338253141842030924e-01,8.160713938945550749e-01,-1.330366317661792808e+00
5.399612373357456363e-01,8.094529011878784930e-01,-1.346656188663736486e+00
5.460971604872882912e-01,8.027490571896452876e-01,-1.362869252140646470e+00
5.522330836388308350e-01,7.959645860892683444e-01,-1.379001216063430402e+00
5.583690067903733789e-01,7.891043032601475771e-01,-1.395047908872015130e+00
5.645049299419159228e-01,7.821730990021138474e-01,-1.411005287285780563e+00
5.706408530934584666e-01,7.751759223349270478e-01,-1.426869443439737317e+00
5.767767762450011215e-01,7.681177649483719172e-01,-1.442636611327299478e+00
5.829126993965436654e-01,7.610036454092203861e-01,-1.458303172536429493e+00
5.890486225480862092e-01,7.538385937191524055e-01,-1.473865661271795968e+00
5.951845456996287531e-01,7.466276363107526848e-01,-1.489320768661233307e+00
6.013204688511712970e-01,7.393757815610531026e-01,-1.504665346350225086e+00
6.074563920027139519e-01,7.320880058939467361e-01,-1.519896409393247660e+00
6.135923151542564957e-01,7.247692405342825994e-01,-1.535011138455576019e+00
6.197282383057990396e-01,7.174243589677156141e-01,-1.550006881343549026e+00
6.258641614573415834e-01,7.100581651515689430e-01,-1.564881153885253395e+00
6.320000846088841273e-01,7.026753825131720754e-01,-1.579631640187101116e+00
6.381360077604267822e-01,6.952806437635239423e-01,-1.594256192294869034e+00
6.442719309119693261e-01,6.878784815457799073e-01,-1.608752829290344577e+00
6.504078540635118699e-01,6.804733199300422308e-01,-1.623119735856910717e+00
6.565437772150544138e-01,6.730694667583958513e-01,-1.637355260349071528e+00
6.626797003665969577e-01,6.656711068370533280e-01,-1.651457912402195305e+00
6.688156235181395015e-01,6.582822959659809792e-01,-1.665426360119603100e+00
6.749515466696821564e-01,6.509069557904600956e-01,-1.679259426874559757e+00
6.810874698212247003e-01,6.435488694537407905e-01,-1.692956087764832640e+00
6.872233929727672441e-01,6.362116780252909942e-01,-1.706515465757210137e+00
6.933593161243097880e-01,6.288988776750966680e-01,-1.719936827558818493e+00
6.994952392758523319e-01,6.216138175610796957e-01,-1.733219579251244591e+00
7.056311624273949867e-01,6.143596983938826028e-01,-1.746363261722398752e+00
7.117670855789375306e-01,6.071395716410686871e-01,-1.759367545929777066e+00
7.179030087304800745e-01,5.999563393311149184e-01,-1.772232228027323941e+00
7.240389318820226183e-01,5.928127544164357721e-01,-1.784957224386516161e+00
7.301748550335651622e-01,5.857114216540206808e-01,-1.797542566540574871e+00
7.363107781851077061e-01,5.786547989620329790e-01,-1.809988396078936024e+00
7.424467013366503609e-01,5.716451992109008451e-01,-1.822294959517257285e+00
7.485826244881929048e-01,5.646847924079584358e-01,-1.834462603166372663e+00
7.547185476397354487e-01,5.577756082355269651e-01,-1.846491768021717217e+00
7.608544707912779925e-01,5.509195389034333701e-01,-1.858382984692870110e+00
7.669903939428205364e-01,5.441183422782994716e-01,-1.870136868391008678e+00
7.731263170943631913e-01,5.373736452534429997e-01,-1.881754113990267818e+00
7.792622402459057351e-01,5.306869473249152813e-01,-1.893235491177235330e+00
7.853981633974482790e-01,5.240596243409699762e-01,-1.904581839701133372e+00
7.915340865489908229e-01,5.174929323941482862e-01,-1.915794064735607982e+00
7.976700097005333667e-01,5.109880118270733185e-01,-1.926873132361529128e+00
8.038059328520760216e-01,5.045458913250214783e-01,-1.937820065178730289e+00
8.099418560036185655e-01,4.981674920702886533e-01,-1.948635938053284278e+00
8.160777791551611093e-01,4.918536319353408182e-01,-1.959321874005608644e+00
8.222137023067036532e-01,4.856050296936385569e-01,-1.969879040243532442e+00
8.283496254582461971e-01,4.794223092289300325e-01,-1.980308644343374835e+00
8.344855486097888519e-01,4.733060037256042740e-01,-1.990611930581050570e+00
8.406214717613313958e-01,4.672565598244682317e-01,-2.000790176414365629e+00
8.467573949128739397e-01,4.612743417299804971e-01,-2.010844689116776607e+00
8.528933180644164835e-01,4.553596352565806304e-01,-2.020776802562205265e+00
8.590292412159590274e-01,4.495126518032538376e-01,-2.030587874159782924e+00
8.651651643675015713e-01,4.437335322469087018e-01,-2.040279281936859590e+00
8.713010875190442261e-01,4.380223507464654498e-01,-2.049852421768056931e+00
8.774370106705867700e-01,4.323791184508033458e-01,-2.059308704747716767e+00
8.835729338221293139e-01,4.268037871048632192e-01,-2.068649554702705284e+00
8.897088569736718577e-01,4.212962525492673915e-01,-2.077876405842189023e+00
8.958447801252144016e-01,4.158563581097959871e-01,-2.086990700540743759e+00
9.019807032767570565e-01,4.104838978739449029e-01,-2.095993887250918064e+00
9.081166264282996003e-01,4.051786198526175498e-01,-2.104887418541184552e+00
9.142525495798421442e-01,3.999402290257156323e-01,-2.113672749255093297e+00
9.203884727313846881e-01,3.947683902710805715e-01,-2.122351334787319299e+00
9.265243958829272319e-01,3.896627311768025015e-01,-2.130924629472227494e+00
9.326603190344697758e-01,3.846228447374651638e-01,-2.139394085080557950e+00
9.387962421860124307e-01,3.796482919353381114e-01,-2.147761149419799676e+00
9.449321653375549745e-01,3.747386042079528523e-01,-2.156027265033839235e+00
9.510680884890975184e-01,3.698932858038399552e-01,-2.164193867997519671e+00
9.572040116406400623e-01,3.651118160285213299e-01,-2.172262386801768308e+00
9.633399347921826061e-01,3.603936513831036970e-01,-2.180234241325036404e+00
9.694758579437252610e-01,3.557382275980401909e-01,-2.188110841886877544e+00
9.756117810952678049e-01,3.511449615648138400e-01,-2.195893588379565387e+00
9.817477042468103487e-01,3.466132531684303908e-01,-2.203583869473772605e+00
9.878836273983528926e-01,3.421424870237365079e-01,-2.211183061894425705e+00
9.940195505498954365e-01,3.377320341186574870e-01,-2.218692529762978705e+00
1.000155473701437980e+00,3.333812533675137302e-01,-2.226113624002461044e+00
1.006291396852980524e+00,3.290894930776120941e-01,-2.233447681801783435e+00
1.012427320004523068e+00,3.248560923323305372e-01,-2.240696026135907015e+00
1.018563243156065834e+00,3.206803822939124915e-01,-2.247859965338618427e+00
1.024699166307608378e+00,3.165616874291738436e-01,-2.254940792724767107e+00
1.030835089459150922e+00,3.124993266612961507e-01,-2.261939786258973850e+00
1.036971012610693466e+00,3.084926144508436940e-01,-2.268858208267914733e+00
1.043106935762236009e+00,3.045408618090877928e-01,-2.275697305193446152e+00
1.049242858913778553e+00,3.006433772466611809e-01,-2.282458307383929519e+00
1.055378782065321097e+00,2.967994676605072435e-01,-2.289142428921262962e+00
1.061514705216863641e+00,2.930084391620076389e-01,-2.295750867481226365e+00
1.067650628368406185e+00,2.892695978491007236e-01,-2.302284804224882464e+00
1.073786551519948729e+00,2.855822505251195409e-01,-2.308745403718860612e+00
1.079922474671491273e+00,2.819457053669941482e-01,-2.315133813882502611e+00
1.086058397823034039e+00,2.783592725453790662e-01,-2.321451165959915297e+00
1.092194320974576582e+00,2.748222647991772072e-01,-2.327698574515097540e+00
1.098330244126119126e+00,2.713339979668406010e-01,-2.333877137448416406e+00
1.104466167277661670e+00,2.678937914767465789e-01,-2.339987936032778659e+00
1.110602090429204214e+00,2.645009687988519875e-01,-2.346032034967959312e+00
1.116738013580746758e+00,2.611548578597426840e-01,-2.352010482451621254e+00
1.122873936732289302e+00,2.578547914231115734e-01,-2.357924310265653745e+00
1.129009859883831846e+00,2.546001074376067486e-01,-2.363774533876532136e+00
1.135145783035374389e+00,2.513901493539117404e-01,-2.369562152548482459e+00
1.141281706186916933e+00,2.482242664128358478e-01,-2.375288149468303356e+00
1.147417629338459699e+00,2.451018139061120760e-01,-2.380953491880773321e+00
1.153553552490002243e+00,2.420221534115200579e-01,-2.386559131233633391e+00
1.159689475641544787e+00,2.389846530038793881e-01,-2.392106003331202491e+00
1.165825398793087331e+00,2.359886874433795578e-01,-2.397595028495736358e+00
1.171961321944629875e+00,2.330336383426463709e-01,-2.403027111735708932e+00
1.178097245096172418e+00,2.301188943138707532e-01,-2.408403142920235496e+00
1.184233168247714962e+00,2.272438510972632497e-01,-2.413723996958924367e+00
1.190369091399257506e+00,2.244079116720306688e-01,-2.418990533986469238e+00
1.196505014550800050e+00,2.216104863510107714e-01,-2.424203599551374655e+00
1.202640937702342594e+00,2.188509928600412269e-01,-2.429364024808209344e+00
1.208776860853885138e+00,2.161288564030818815e-01,-2.434472626712856691e+00
1.214912784005427904e+00,2.134435097140567894e-01,-2.439530208220256124e+00
1.221048707156970448e+00,2.107943930963263879e-01,-2.444537558484158879e+00
1.227184630308512991e+00,2.081809544506538490e-01,-2.449495453058475825e+00
1.233320553460055535e+00,2.056026492924808990e-01,-2.454404654099804350e+00
1.239456476611598079e+00,2.030589407592825746e-01,-2.459265910570769265e+00
1.245592399763140623e+00,2.005492996087263613e-01,-2.464079958443831764e+00
1.251728322914683167e+00,1.980732042083219457e-01,-2.468847520905252946e+00
1.257864246066225711e+00,1.956301405172055086e-01,-2.473569308558913438e+00
1.264000169217768255e+00,1.932196020606681830e-01,-2.478246019629734231e+00
1.270136092369310798e+00,1.908410898980001102e-01,-2.482878340166440267e+00
1.276272015520853564e+00,1.884941125841885778e-01,-2.487466944243448275e+00
1.282407938672396108e+00,1.861781861259785009e-01,-2.492012494161676806e+00
1.288543861823938652e+00,1.838928339327682293e-01,-2.496515640648084400e+00
1.294679784975481196e+00,1.816375867627907648e-01,-2.500977023053768900e+00
1.300815708127023740e+00,1.794119826649984428e-01,-2.505397269550476924e+00
1.306951631278566284e+00,1.772155669170454029e-01,-2.509776997325380066e+00
1.313087554430108828e+00,1.750478919597366623e-01,-2.514116812773991683e+00
1.319223477581651371e+00,1.729085173282904342e-01,-2.518417311691118599e+00
1.325359400733193915e+00,1.707970095807367639e-01,-2.522679079459736240e+00
1.331495323884736459e+00,1.687129422237564069e-01,-2.526902691237709941e+00
1.337631247036279003e+00,1.666558956362426958e-01,-2.531088712142275821e+00
1.343767170187821769e+00,1.646254569908522647e-01,-2.535237697432211057e+00
1.349903093339364313e+00,1.626212201737914920e-01,-2.539350192687642505e+00
1.356039016490906857e+00,1.606427857030689188e-01,-2.543426733987429689e+00
1.362174939642449401e+00,1.586897606454303888e-01,-2.547467848084089326e+00
1.368310862793991944e+00,1.567617585321762763e-01,-2.551474052576217399e+00
1.374446785945534488e+00,1.548583992740484860e-01,-2.555445856078381706e+00
1.380582709097077032e+00,1.529793090753591434e-01,-2.559383758388458219e+00
1.386718632248619576e+00,1.511241203475250094e-01,-2.563288250652397071e+00
1.392854555400162120e+00,1.492924716221547266e-01,-2.567159815526401712e+00
1.398990478551704664e+00,1.474840074638296694e-01,-2.570998927336514139e+00
1.405126401703247208e+00,1.456983783827058565e-01,-2.574806052235602216e+00
1.411262324854789973e+00,1.439352407470567141e-01,-2.578581648357749057e+00
1.417398248006332517e+00,1.421942566958662169e-01,-2.582326165970048493e+00
1.423534171157875061e+00,1.404750940515737956e-01,-2.586040047621815940e+00
1.429670094309417605e+00,1.387774262330649100e-01,-2.589723728291222216e+00
1.435806017460960149e+00,1.371009321689925509e-01,-2.593377635529361847e+00
1.441941940612502693e+00,1.354452962115096637e-01,-2.597002189601782085e+00
1.448077863764045237e+00,1.338102080504832980e-01,-2.600597803627476168e+00
1.454213786915587781e+00,1.321953626282581784e-01,-2.604164883715374579e+00
1.460349710067130324e+00,1.306004600550292327e-01,-2.607703829098346304e+00
1.466485633218672868e+00,1.290252055248780061e-01,-2.611215032264742497e+00
1.472621556370215412e+00,1.274693092325229760e-01,-2.614698879087502092e+00
1.478757479521758178e+00,1.259324862908289822e-01,-2.618155748950850015e+00
1.484893402673300722e+00,1.244144566491164061e-01,-2.621586014874612847e+00
1.491029325824843266e+00,1.229149450123061121e-01,-2.624990043636186154e+00
1.497165248976385810e+00,1.214336807609336100e-01,-2.628368195890180115e+00
1.503301172127928353e+00,1.199703978720610270e-01,-2.631720826285772752e+00
1.509437095279470897e+00,1.185248348411123004e-01,-2.635048283581807649e+00
1.515573018431013441e+00,1.170967346046545704e-01,-2.638350910759665879e+00
1.521708941582555985e+00,1.156858444641449685e-01,-2.641629045133944143e+00
1.527844864734098529e+00,1.142919160106597720e-01,-2.644883018460971513e+00
1.533980787885641073e+00,1.129147050506205674e-01,-2.648113157045207000e+00
1.540116711037183839e+00,1.115539715325282871e-01,-2.651319781843533008e+00
1.546252634188726383e+00,1.102094794747165984e-01,-2.654503208567505101e+00
1.552388557340268926e+00,1.088809968941302914e-01,-2.657663747783563846e+00
1.558524480491811470e+00,1.075682957361363823e-01,-2.660801705011267337e+00
1.564660403643354014e+00,1.062711518053705839e-01,-2.663917380819562641e+00
1.570796326794896558e+00,1.049893446976227773e-01,-2.667011070921136540e+00
1.576932249946439102e+00,1.037226577327614307e-01,-2.670083066264878013e+00
1.583068173097981646e+00,1.024708778886971178e-01,-2.673133653126489317e+00
1.589204096249524190e+00,1.012337957363834418e-01,-2.676163113197274512e+00
1.595340019401066733e+00,1.000112053758526603e-01,-2.679171723671141869e+00
1.601475942552609277e+00,9.880290437328123621e-02,-2.682159757329853900e+00
1.607611865704152043e+00,9.760869369908162230e-02,-2.685127482626556539e+00
1.613747788855694587e+00,9.642837766701414792e-02,-2.688075163767616349e+00
1.619883712007237131e+00,9.526176387431112280e-02,-2.691003060792810153e+00
1.626019635158779675e+00,9.410866314280798284e-02,-2.693911429653882639e+00
1.632155558310322219e+00,9.296888946107170759e-02,-2.696800522291517677e+00
1.638291481461864763e+00,9.184225992751840484e-02,-2.699670586710744669e+00
1.644427404613407306e+00,9.072859469451116654e-02,-2.702521867054816784e+00
1.650563327764949850e+00,8.962771691342764913e-02,-2.705354603677589065e+00
1.656699250916492394e+00,8.853945268068823260e-02,-2.708169033214426591e+00
1.662835174068034938e+00,8.746363098473330933e-02,-2.710965388651670693e+00
1.668971097219577704e+00,8.640008365393923861e-02,-2.713743899394696957e+00
1.675107020371120248e+00,8.534864530546162897e-02,-2.716504791334586777e+00
1.681242943522662792e+00,8.430915329499406863e-02,-2.719248286913448887e+00
1.687378866674205335e+00,8.328144766743146576e-02,-2.721974605188409058e+00
1.693514789825747879e+00,8.226537110842463418e-02,-2.724683961894305284e+00
1.699650712977290423e+00,8.126076889681548010e-02,-2.727376569505105763e+00
1.705786636128832967e+00,8.026748885793937027e-02,-2.730052637294085205e+00
1.711922559280375511e+00,7.928538131778274656e-02,-2.732712371392775452e+00
1.718058482431918055e+00,7.831429905798353852e-02,-2.735355974848727278e+00
1.724194405583460599e+00,7.735409727166178695e-02,-2.737983647682096677e+00
1.730330328735003143e+00,7.640463352006744702e-02,-2.740595586941088957e+00
1.736466251886545908e+00,7.546576769003340845e-02,-2.743191986756280176e+00
1.742602175038088452e+00,7.453736195222082639e-02,-2.745773038393842569e+00
1.748738098189630996e+00,7.361928072014360669e-02,-2.748338930307693495e+00
1.754874021341173540e+00,7.271139060996041625e-02,-2.750889848190592346e+00
1.761009944492716084e+00,7.181356040102068738e-02,-2.753425975024210270e+00
1.767145867644258628e+00,7.092566099715287564e-02,-2.755947491128189153e+00
1.773281790795801172e+00,7.004756538868189830e-02,-2.758454574208218713e+00
1.779417713947343715e+00,6.917914861516365199e-02,-2.760947399403142821e+00
1.785553637098886259e+00,6.832028772882453582e-02,-2.763426139331125242e+00
1.791689560250428803e+00,6.747086175869330960e-02,-2.765890964134890329e+00
1.797825483401971347e+00,6.663075167541329669e-02,-2.768342041526057340e+00
1.803961406553514113e+00,6.579984035672332976e-02,-2.770779536828590128e+00
1.810097329705056657e+00,6.497801255359525463e-02,-2.773203613021380409e+00
1.816233252856599201e+00,6.416515485701586308e-02,-2.775614430779985042e+00
1.822369176008141745e+00,6.336115566540263810e-02,-2.778012148517528423e+00
1.828505099159684288e+00,6.256590515264071062e-02,-2.780396922424800188e+00
1.834641022311226832e+00,6.177929523673048040e-02,-2.782768906509550000e+00
1.840776945462769376e+00,6.100121954903413996e-02,-2.785128252635012736e+00
1.846912868614311920e+00,6.023157340411062349e-02,-2.787475110557668501e+00
1.853048791765854464e+00,5.947025377012735842e-02,-2.789809627964256578e+00
1.859184714917397008e+00,5.871715923983851504e-02,-2.792131950508065508e+00
1.865320638068939552e+00,5.797219000211917272e-02,-2.794442221844508190e+00
1.871456561220482318e+00,5.723524781404457779e-02,-2.796740583665997981e+00
1.877592484372024861e+00,5.650623597350456356e-02,-2.799027175736142681e+00
1.883728407523567405e+00,5.578505929234263416e-02,-2.801302135923272374e+00
1.889864330675109949e+00,5.507162407000993493e-02,-2.803565600233312693e+00
1.896000253826652493e+00,5.436583806772433275e-02,-2.805817702842015926e+00
1.902136176978195037e+00,5.366761048312464200e-02,-2.808058576126568617e+00
1.908272100129737581e+00,5.297685192541061461e-02,-2.810288350696588999e+00
1.914408023281280125e+00,5.229347439095961836e-02,-2.812507155424518679e+00
1.920543946432822668e+00,5.161739123940999041e-02,-2.814715117475431683e+00
1.926679869584365212e+00,5.094851717020300319e-02,-2.816912362336272402e+00
1.932815792735907978e+00,5.028676819957386690e-02,-2.819099013844521551e+00
1.938951715887450522e+00,4.963206163798316445e-02,-2.821275194216324778e+00
1.945087639038993066e+00,4.898431606798014926e-02,-2.823441024074074157e+00
1.951223562190535610e+00,4.834345132248966947e-02,-2.825596622473466546e+00
1.957359485342078154e+00,4.770938846351403112e-02,-2.827742106930047239e+00
1.963495408493620697e+00,4.708204976124195223e-02,-2.829877593445245143e+00
1.969631331645163241e+00,4.646135867355666998e-02,-2.832003196531919897e+00
1.975767254796705785e+00,4.584723982593476299e-02,-2.834119029239420939e+00
1.981903177948248329e+00,4.523961899172908308e-02,-2.836225203178175835e+00
1.988039101099790873e+00,4.463842307282703953e-02,-2.838321828543815428e+00
1.994175024251333417e+00,4.404358008067767866e-02,-2.840409014140843347e+00
2.000310947402875961e+00,4.345501911767977316e-02,-2.842486867405869422e+00
2.006446870554418727e+00,4.287267035892421141e-02,-2.844555494430395015e+00
2.012582793705961048e+00,4.229646503428340781e-02,-2.846614999983191119e+00
2.018718716857503814e+00,4.172633541084051073e-02,-2.848665487532242580e+00
2.024854640009046136e+00,4.116221477565294024e-02,-2.850707059266298860e+00
2.030990563160588902e+00,4.060403741884182488e-02,-2.852739816116018901e+00
2.037126486312131668e+00,4.005173861700254967e-02,-2.854763857774724300e+00
2.043262409463673990e+00,3.950525461692917795e-02,-2.856779282718776791e+00
2.049398332615216756e+00,3.896452261964625241e-02,-2.858786188227576908e+00
2.055534255766759077e+00,3.842948076474313884e-02,-2.860784670403194063e+00
2.061670178918301843e+00,3.790006811500336997e-02,-2.862774824189645351e+00
2.067806102069844165e+00,3.737622464132436817e-02,-2.864756743391814187e+00
2.073942025221386931e+00,3.685789120792096196e-02,-2.866730520694032780e+00
2.080077948372929253e+00,3.634500955780784609e-02,-2.868696247678321765e+00
2.086213871524472019e+00,3.583752229855450416e-02,-2.870654014842305202e+00
2.092349794676014341e+00,3.533537288830831957e-02,-2.872603911616797401e+00
2.098485717827557107e+00,3.483850562207940066e-02,-2.874546026383077990e+00
2.104621640979099872e+00,3.434686561828317886e-02,-2.876480446489855236e+00
2.110757564130642194e+00,3.386039880553450010e-02,-2.878407258269924718e+00
2.116893487282184960e+00,3.337905190968891433e-02,-2.880326547056535347e+00
2.123029410433727282e+00,3.290277244112647242e-02,-2.882238397199457403e+00
2.129165333585270048e+00,3.243150868227245159e-02,-2.884142892080773457e+00
2.135301256736812370e+00,3.196520967535129709e-02,-2.886040114130386414e+00
2.141437179888355136e+00,3.150382521036809019e-02,-2.887930144841251323e+00
2.147573103039897457e+00,3.104730581331456574e-02,-2.889813064784343855e+00
2.153709026191440223e+00,3.059560273459339258e-02,-2.891688953623365865e+00
2.159844949342982545e+00,3.014866793765826752e-02,-2.893557890129192955e+00
2.165980872494525311e+00,2.970645408786411548e-02,-2.895419952194068891e+00
2.172116795646068077e+00,2.926891454152433930e-02,-2.897275216845557111e+00
2.178252718797610399e+00,2.883600333517049447e-02,-2.899123760260247096e+00
2.184388641949153165e+00,2.840767517501033290e-02,-2.900965657777226703e+00
2.190524565100695487e+00,2.798388542658104827e-02,-2.902800983911320909e+00
2.196660488252238252e+00,2.756459010459292452e-02,-2.904629812366104513e+00
2.202796411403780574e+00,2.714974586296076825e-02,-2.906452216046691905e+00
2.208932334555323340e+00,2.673930998501824682e-02,-2.908268267072307012e+00
2.215068257706865662e+00,2.633324037391289452e-02,-2.910078036788644518e+00
2.221204180858408428e+00,2.593149554317704039e-02,-2.911881595780015264e+00
2.227340104009951194e+00,2.553403460747235079e-02,-2.913679013881291802e+00
2.233476027161493516e+00,2.514081727350369819e-02,-2.915470360189648780e+00
2.239611950313036282e+00,2.475180383109963633e-02,-2.917255703076111928e+00
2.245747873464578603e+00,2.436695514445632801e-02,-2.919035110196904537e+00
2.251883796616121369e+00,2.398623264354114715e-02,-2.920808648504617189e+00
2.258019719767663691e+00,2.360959831565381806e-02,-2.922576384259178983e+00
2.264155642919206457e+00,2.323701469714114370e-02,-2.924338383038660005e+00
2.270291566070748779e+00,2.286844486526313711e-02,-2.926094709749882394e+00
2.276427489222291545e+00,2.250385243020698936e-02,-2.927845428638870207e+00
2.282563412373833867e+00,2.214320152724683077e-02,-2.929590603301115870e+00
2.288699335525376632e+00,2.178645680904559706e-02,-2.931330296691688098e+00
2.294835258676919398e+00,2.143358343809716529e-02,-2.933064571135170606e+00
2.300971181828461720e+00,2.108454707930549482e-02,-2.934793488335441403e+00
2.307107104980004486e+00,2.073931389269834114e-02,-2.936517109385293534e+00
2.313243028131546808e+00,2.039785052627332562e-02,-2.938235494775900403e+00
2.319378951283089574e+00,2.006012410897322143e-02,-2.939948704406133206e+00
2.325514874434631896e+00,1.972610224378871374e-02,-2.941656797591721606e+00
2.331650797586174662e+00,1.939575300098562993e-02,-2.943359833074277621e+00
2.337786720737716983e+00,1.906904491145484590e-02,-2.945057869030169861e+00
2.343922643889259749e+00,1.874594696018206177e-02,-2.946750963079260544e+00
2.350058567040802071e+00,1.842642857983581295e-02,-2.948439172293505273e+00
2.356194490192344837e+00,1.811045964447063894e-02,-2.950122553205415166e+00
2.362330413343887603e+00,1.779801046334446996e-02,-2.951801161816392849e+00
2.368466336495429925e+00,1.748905177484684492e-02,-2.953475053604930789e+00
2.374602259646972691e+00,1.718355474053681609e-02,-2.955144283534688388e+00
2.380738182798515012e+00,1.688149093928825381e-02,-2.956808906062444287e+00
2.386874105950057778e+00,1.658283236154031726e-02,-2.958468975145922553e+00
2.393010029101600100e+00,1.628755140365159906e-02,-2.960124544251506062e+00
2.399145952253142866e+00,1.599562086235565075e-02,-2.961775666361821546e+00
2.405281875404685188e+00,1.570701392931646984e-02,-2.963422393983224712e+00
2.411417798556227954e+00,1.542170418578145234e-02,-2.965064779153156138e+00
2.417553721707770276e+00,1.513966559733103366e-02,-2.966702873447398581e+00
2.423689644859313042e+00,1.486087250872208422e-02,-2.968336727987221479e+00
2.429825568010855807e+00,1.458529963882454657e-02,-2.969966393446416220e+00
2.435961491162398129e+00,1.431292207564873256e-02,-2.971591920058232805e+00
2.442097414313940895e+00,1.404371527146197271e-02,-2.973213357622209063e+00
2.448233337465483217e+00,1.377765503799337557e-02,-2.974830755510902591e+00
2.454369260617025983e+00,1.351471754172433974e-02,-2.976444162676522787e+00
2.460505183768568305e+00,1.325487929926419395e-02,-2.978053627657466951e+00
2.466641106920111071e+00,1.299811717280861638e-02,-2.979659198584762247e+00
2.472777030071653392e+00,1.274440836568007350e-02,-2.981260923188410850e+00
2.478912953223196158e+00,1.249373041794827992e-02,-2.982858848803652041e+00
2.485048876374738480e+00,1.224606120212979980e-02,-2.984453022377126619e+00
2.491184799526281246e+00,1.200137891896474115e-02,-2.986043490472958695e+00
2.497320722677824012e+00,1.175966209327005199e-02,-2.987630299278751345e+00
2.503456645829366334e+00,1.152088956986721535e-02,-2.989213494611493882e+00
2.509592568980909100e+00,1.128504050958364924e-02,-2.990793121923393194e+00
2.515728492132451422e+00,1.105209438532644625e-02,-2.992369226307618035e+00
2.521864415283994187e+00,1.082203097822685527e-02,-2.993941852503968715e+00
2.528000338435536509e+00,1.059483037385483030e-02,-2.995511044904462850e+00
2.534136261587079275e+00,1.037047295850201077e-02,-2.997076847558853174e+00
2.540272184738621597e+00,1.014893941553227270e-02,-2.998639304180063192e+00
2.546408107890164363e+00,9.930210721798372886e-03,-3.000198458149549552e+00
2.552544031041707129e+00,9.714268144124077117e-03,-3.001754352522600922e+00
2.558679954193249451e+00,9.501093235850129742e-03,-3.003307030033552483e+00
2.564815877344792217e+00,9.290667833443361917e-03,-3.004856533100946692e+00
2.570951800496334538e+00,9.082974053167745115e-03,-3.006402903832610995e+00
2.577087723647877304e+00,8.877994287816442717e-03,-3.007946184030681369e+00
2.583223646799419626e+00,8.675711203503810171e-03,-3.009486415196553022e+00
2.589359569950962392e+00,8.476107736516171054e-03,-3.011023638535768043e+00
2.595495493102504714e+00,8.279167090221011688e-03,-3.012557894962843985e+00
2.601631416254047480e+00,8.084872732032800588e-03,-3.014089225106038050e+00
2.607767339405589802e+00,7.893208390435240210e-03,-3.015617669312051774e+00
2.613903262557132567e+00,7.704158052058621316e-03,-3.017143267650672644e+00
2.620039185708675333e+00,7.517705958811665007e-03,-3.018666059919366873e+00
2.626175108860217655e+00,7.333836605066727451e-03,-3.020186085647805552e+00
2.632311032011760421e+00,7.152534734897707247e-03,-3.021703384102340184e+00
2.638446955163302743e+00,6.973785339369893872e-03,-3.023217994290422705e+00
2.644582878314845509e+00,6.797573653880620986e-03,-3.024729954964973544e+00
2.650718801466387831e+00,6.623885155550335128e-03,-3.026239304628691951e+00
2.656854724617930597e+00,6.452705560662998219e-03,-3.027746081538323253e+00
2.662990647769472918e+00,6.284020822155285228e-03,-3.029250323708864379e+00
2.669126570921015684e+00,6.117817127153569144e-03,-3.030752068917733855e+00
2.675262494072558006e+00,5.954080894558385316e-03,-3.032251354708880076e+00
2.681398417224100772e+00,5.792798772675127050e-03,-3.033748218396852270e+00
2.687534340375643538e+00,5.633957636890787705e-03,-3.035242697070818174e+00
2.693670263527185860e+00,5.477544587395724932e-03,-3.036734827598540409e+00
2.699806186678728626e+00,5.323546946949917966e-03,-3.038224646630307113e+00
2.705942109830270947e+00,5.171952258693113431e-03,-3.039712190602815056e+00
2.712078032981813713e+00,5.022748283998067741e-03,-3.041197495743017232e+00
2.718213956133356035e+00,4.875923000366467162e-03,-3.042680598071925591e+00
2.724349879284898801e+00,4.731464599366688555e-03,-3.044161533408367148e+00
2.730485802436441123e+00,4.589361484613068559e-03,-3.045640337372707673e+00
2.736621725587983889e+00,4.449602269785794817e-03,-3.047117045390535406e+00
2.742757648739526211e+00,4.312175776691229249e-03,-3.048591692696297262e+00
2.748893571891068976e+00,4.177071033361636453e-03,-3.050064314336912830e+00
2.755029495042611742e+00,4.044277272194296384e-03,-3.051534945175333746e+00
2.761165418194154064e+00,3.913783928129021226e-03,-3.053003619894083087e+00
2.767301341345696830e+00,3.785580636863816219e-03,-3.054470372998749017e+00
2.773437264497239152e+00,3.659657233108129775e-03,-3.055935238821447353e+00
2.779573187648781918e+00,3.536003748873135181e-03,-3.057398251524251265e+00
2.785709110800324240e+00,3.414610411798641842e-03,-3.058859445102583674e+00
2.791845033951867006e+00,3.295467643516079240e-03,-3.060318853388587890e+00
2.797980957103409327e+00,3.178566058047199282e-03,-3.061776510054450728e+00
2.804116880254952093e+00,3.063896460237970111e-03,-3.063232448615710091e+00
2.810252803406494415e+00,2.951449844227203422e-03,-3.064686702434519461e+00
2.816388726558037181e+00,2.841217391949569203e-03,-3.066139304722896419e+00
2.822524649709579947e+00,2.733190471672549467e-03,-3.067590288545928967e+00
2.828660572861122269e+00,2.627360636566908585e-03,-3.069039686824967639e+00
2.834796496012665035e+00,2.523719623310180168e-03,-3.070487532340768766e+00
2.840932419164207356e+00,2.422259350723128882e-03,-3.071933857736639961e+00
2.847068342315750122e+00,2.322971918438272113e-03,-3.073378695521535420e+00
2.853204265467292444e+00,2.225849605600697424e-03,-3.074822078073138343e+00
2.859340188618835210e+00,2.130884869600230790e-03,-3.076264037640910054e+00
2.865476111770377532e+00,2.038070344835138641e-03,-3.077704606349127125e+00
2.871612034921920298e+00,1.947398841506598052e-03,-3.079143816199875872e+00
2.877747958073462620e+00,1.858863344443879113e-03,-3.080581699076051727e+00
2.883883881225005386e+00,1.772457011959749232e-03,-3.082018286744301339e+00
2.890019804376548151e+00,1.688173174735980086e-03,-3.083453610857976201e+00
2.896155727528090473e+00,1.606005334738387158e-03,-3.084887702960041445e+00
2.902291650679633239e+00,1.525947164161317940e-03,-3.086320594485975288e+00
2.908427573831175561e+00,1.447992504401287824e-03,-3.087752316766647631e+00
2.914563496982718327e+00,1.372135365059323937e-03,-3.089182901031175987e+00
2.920699420134260649e+00,1.298369922971950776e-03,-3.090612378409761440e+00
2.926835343285803415e+00,1.226690521270399140e-03,-3.092040779936516159e+00
2.932971266437345736e+00,1.157091668467900457e-03,-3.093468136552251391e+00
2.939107189588888502e+00,1.089568037574649081e-03,-3.094894479107280549e+00
2.945243112740430824e+00,1.024114465240520385e-03,-3.096319838364176125e+00
2.951379035891973590e+00,9.607259509248292778e-04,-3.097744245000518593e+00
2.957514959043516356e+00,8.993976560934513996e-04,-3.099167729611643551e+00
2.963650882195058678e+00,8.401249034426113392e-04,-3.100590322713353775e+00
2.969786805346601444e+00,7.829031761494528209e-04,-3.102012054744632596e+00
2.975922728498143766e+00,7.277281171490624463e-04,-3.103432956070335536e+00
2.982058651649686531e+00,6.745955284376513317e-04,-3.104853056983855719e+00
2.988194574801228853e+00,6.235013704020841594e-04,-3.106272387709809291e+00
2.994330497952771619e+00,5.744417611749791375e-04,-3.107690978406678628e+00
3.000466421104313941e+00,5.274129760158476760e-04,-3.109108859169452455e+00
3.006602344255856707e+00,4.824114467175872646e-04,-3.110526060032260176e+00
3.012738267407399473e+00,4.394337610385480770e-04,-3.111942610970982681e+00
3.018874190558941795e+00,3.984766621597306225e-04,-3.113358541905871135e+00
3.025010113710484561e+00,3.595370481671776000e-04,-3.114773882704128027e+00
3.031146036862026882e+00,3.226119715593395360e-04,-3.116188663182511753e+00
3.037281960013569648e+00,2.876986387792976546e-04,-3.117602913109910556e+00
3.043417883165111970e+00,2.547944097716662248e-04,-3.119016662209909363e+00
3.049553806316654736e+00,2.238967975641178705e-04,-3.120429940163349958e+00
3.055689729468197058e+00,1.950034678734861729e-04,-3.121842776610889381e+00
3.061825652619739824e+00,1.681122387361372696e-04,-3.123255201155537453e+00
3.067961575771282146e+00,1.432210801627587177e-04,-3.124667243365227165e+00
3.074097498922824911e+00,1.203281138172229979e-04,-3.126078932775301134e+00
3.080233422074367677e+00,9.943161271972332407e-05,-3.127490298891063780e+00
3.086369345225909999e+00,8.053000097382005391e-05,-3.128901371190326408e+00
3.092505268377452765e+00,6.362185351753741496e-05,-3.130312179125888772e+00
3.098641191528995087e+00,4.870589589831782792e-05,-3.131722752128053511e+00
3.104777114680537853e+00,3.578100407184942684e-05,-3.133133119607159234e+00
3.110913037832080175e+00,2.484620422470190686e-05,-3.134543310956052320e+00
3.117048960983622941e+00,1.590067262065599765e-05,-3.135953355552665300e+00
3.123184884135165262e+00,8.943735470783266341e-06,-3.137363282762395844e+00
3.129320807286708028e+00,3.974868827151551502e-06,-3.138773121940658051e+00
3.135456730438250350e+00,9.936985002632667033e-07,-3.140182902435473711e+00
