6.745527388907189559e-02
2.120106106268418444e-01
2.819336233057059271e-01
2.347263155687417946e-01
1.519049518704556068e-01
7.672900004518590222e-02
2.499314414018197900e-02
-3.107177389577902085e-03
-1.386865301673588513e-02
-1.456895220263419548e-02
-1.092702618129652928e-02
-6.475291124130578418e-03
-2.890437633072827275e-03
-6.307033342306533896e-04
4.722956602172849938e-04
8.001800753575750514e-04
7.196258213430273320e-04
4.922026690470067758e-04
2.655153649371442734e-04
1.002968368781084957e-04
5.032162052956999697e-06
-3.565103143512494445e-05
-4.282571836312457103e-05
-3.423215834611935214e-05
-2.144816456955785295e-05
-1.038374424671187866e-05
-3.014580606809014787e-06
8.408193623471612142e-07
2.205463829401377014e-06
2.173710579575634257e-06
