6.745527388907189559e-02
1.175732271821411934e-01
1.173311052507082231e-01
7.046276821775022958e-02
5.325707636560524094e-02
2.169093133338621804e-03
2.195641375350804864e-02
-3.384615664448895056e-02
3.351596628554889823e-02
-6.149130500240243546e-02
7.516080082206710866e-02
-1.117004122750243633e-01
1.534901395519609468e-01
-2.155168987069768782e-01
3.021959538499842113e-01
-4.222741553146203142e-01
5.919034432618108799e-01
-8.281726178974881947e-01
1.159707180421423178e+00
-1.623489755753110053e+00
2.272890690216413212e+00
-3.182082617334403452e+00
4.454872838549810865e+00
-6.236856206128067015e+00
8.731577240414743812e+00
-1.222421852032488943e+01
1.711390291387422735e+01
-2.395946323860459160e+01
3.354325073951019931e+01
-4.696054886160375474e+01
