6.745527388907189559e-02
1.108276997932339941e-01
1.156920736158548596e-01
6.118820514495940110e-02
6.012264415301643572e-02
-1.345496618433873748e-02
4.517559341669015460e-02
-7.087056751461302817e-02
9.243719825518381672e-02
-1.532247495854096586e-01
2.189100981968177817e-01
-3.348404384193575112e-01
4.993702199959648702e-01
-7.496860333281758493e-01
1.125001345652481222e+00
-1.686701838403365628e+00
2.530772383426391769e+00
-3.795666372470535954e+00
5.693765074070752163e+00
-8.540547314269243628e+00
1.281082600356591072e+01
-1.921627465638030330e+01
2.882436915885212159e+01
-4.323658797043641755e+01
6.485486050749027243e+01
-9.728230114497930003e+01
1.459234487028887770e+02
-2.188851722135130444e+02
3.283277605257341065e+02
-4.924916386148906895e+02
